1	51400	580865698	105
2	112600	580865708	619
3	359200	580865718	1745
4	451900	580865728	5337
5	405200	580865738	9856
6	325100	580865748	13908
7	422100	580865758	17159
8	438100	580865768	21380
9	387300	580865779	25761
10	368300	580865789	29634
11	455600	580865799	33317
12	419700	580865809	37873
13	469100	580865819	42070
14	391900	580865829	46761
15	414000	580865839	50680
16	424200	580865849	54820
17	441900	580865860	59062
18	457700	580865870	63481
19	428500	580865880	68058
20	375200	580865890	72343
21	495100	580865900	76095
22	478400	580865910	81046
23	413700	580865920	85830
24	464900	580865930	89967
25	479500	580865940	94616
26	443300	580865950	99411
27	469800	580865960	103844
28	415900	580865970	108542
29	469400	580865980	112701
30	461100	580865990	117395
31	456400	580866001	122006
32	447900	580866011	126570
33	473200	580866021	131049
34	480500	580866031	135781
35	382100	580866041	140586
36	402500	580866051	144407
37	443100	580866061	148432
38	471800	580866071	152863
39	447600	580866081	157581
40	403300	580866091	162057
41	436000	580866101	166090
42	433800	580866111	170450
43	434800	580866121	174788
44	454200	580866131	179136
45	462600	580866142	183678
46	505600	580866152	188304
47	430900	580866162	193360
48	480200	580866172	197669
49	489400	580866182	202471
50	513300	580866192	207365
51	503300	580866202	212498
52	486600	580866212	217531
53	512700	580866223	222397
54	465300	580866233	227524
55	483600	580866243	232177
56	517500	580866253	237013
57	484000	580866263	242188
58	488900	580866273	247028
59	497200	580866283	251917
60	446200	580866293	256889
61	485000	580866303	261351
62	498700	580866313	266201
63	511400	580866323	271188
64	503700	580866333	276302
65	492100	580866343	281339
66	467000	580866353	286260
67	486100	580866363	290930
68	477100	580866373	295791
69	488200	580866384	300562
70	507200	580866394	305444
71	481400	580866404	310516
72	483800	580866414	315330
73	505000	580866424	320168
74	470000	580866434	325218
75	488300	580866444	329918
76	475500	580866454	334801
77	472800	580866464	339556
78	469800	580866474	344284
79	498900	580866484	348982
80	507800	580866494	353971
81	460900	580866504	359049
82	475700	580866514	363658
83	470400	580866524	368415
84	497400	580866535	373119
85	425400	580866545	378093
86	523200	580866555	382347
87	476500	580866565	387579
88	468700	580866575	392344
89	473400	580866585	397031
90	458300	580866595	401765
91	481300	580866605	406348
92	545500	580866615	411161
93	462700	580866625	416616
94	465900	580866635	421243
95	421800	580866645	425902
96	511000	580866655	430120
97	504100	580866665	435230
98	496400	580866676	440271
99	515700	580866686	445235
100	453000	580866696	450392
101	513600	580866706	454922
102	507200	580866716	460058
103	528500	580866726	465130
104	486800	580866737	470415
105	472000	580866747	475283
106	496100	580866757	480003
107	460900	580866767	484964
108	492600	580866777	489573
109	482500	580866787	494499
110	435600	580866797	499324
111	467600	580866807	503680
112	468100	580866817	508356
113	438600	580866827	513037
114	496600	580866837	517423
115	497800	580866847	522389
116	498200	580866857	527367
117	500300	580866867	532349
119	484200	580866877	537352
120	513700	580866888	542194
121	528700	580866898	547331
122	484200	580866908	552618
123	517700	580866919	557460
124	505300	580866930	562637
125	495500	580866940	567690
126	521400	580866950	572645
127	504100	580866961	577859
128	510500	580866971	582900
129	477100	580866981	588005
130	472300	580866991	592776
131	455700	580867001	597499
132	494600	580867011	602056
133	462000	580867021	607002
134	479300	580867031	611622
135	459300	580867041	616415
136	478200	580867052	621008
137	491000	580867062	625790
138	464300	580867072	630700
139	459800	580867082	635343
140	464000	580867092	639941
141	473600	580867102	644581
142	468300	580867112	649317
143	484400	580867122	654000
144	491200	580867132	658844
145	484800	580867142	663756
146	482200	580867152	668604
147	421600	580867162	673426
148	470200	580867172	677642
149	478200	580867182	682344
150	464400	580867192	687126
151	448700	580867203	691770
152	489200	580867213	696257
153	490700	580867223	701149
154	477400	580867233	706056
155	535700	580867243	710830
156	442000	580867254	716187
157	466300	580867264	720607
158	476400	580867274	725270
159	462000	580867284	730034
160	482500	580867294	734654
161	451400	580867304	739479
162	468100	580867314	743993
163	466700	580867325	748674
164	477100	580867335	753341
165	457600	580867345	758112
166	459900	580867355	762688
167	502900	580867365	767287
168	396300	580867375	772316
169	490100	580867385	776279
170	472000	580867396	781180
171	392600	580867406	785900
172	492700	580867416	789826
173	493100	580867426	794753
174	459900	580867436	799684
175	457100	580867446	804283
176	444700	580867456	808854
177	441200	580867466	813301
178	470000	580867476	817713
179	404900	580867486	822413
180	488300	580867496	826462
181	474400	580867507	831345
182	421000	580867517	836089
183	466500	580867527	840299
184	481700	580867537	844964
185	443900	580867547	849781
186	414200	580867557	854220
187	413600	580867567	858362
188	429500	580867577	862498
189	498500	580867587	866793
190	418800	580867597	871778
191	449500	580867607	875966
193	478500	580867617	880461
194	456100	580867628	885246
195	427800	580867638	889807
196	339500	580867648	894085
197	407900	580867658	897480
198	467600	580867668	901559
199	430600	580867678	906235
200	497900	580867688	910541
201	405100	580867699	915520
202	376000	580867709	919571
203	469700	580867719	923331
204	403100	580867729	928028
205	437700	580867740	932059
206	464800	580867750	936436
207	472300	580867760	941084
208	417600	580867770	945807
209	420500	580867780	949983
210	493900	580867790	954188
211	464800	580867800	959127
212	470800	580867810	963775
213	491000	580867820	968483
214	460800	580867830	973393
215	460400	580867840	978001
216	494800	580867850	982605
217	436900	580867862	987553
218	411100	580867872	991922
219	434500	580867882	996033
220	460900	580867892	1000378
221	415900	580867902	1004987
222	355000	580867912	1009146
223	448200	580867922	1012696
224	432900	580867932	1017178
225	394200	580867942	1021507
226	427600	580867952	1025449
227	472600	580867962	1029725
228	481000	580867972	1034451
229	467800	580867983	1039261
230	468200	580867993	1043939
231	447500	580868003	1048621
232	364900	580868013	1053096
233	410800	580868023	1056745
234	503500	580868033	1060853
235	480500	580868043	1065888
236	451900	580868053	1070693
237	429600	580868064	1075212
238	526700	580868074	1079508
239	398800	580868084	1084775
240	471100	580868094	1088763
241	428100	580868104	1093474
242	433000	580868114	1097755
243	395900	580868124	1102085
244	450400	580868134	1106044
245	462100	580868144	1110548
246	382200	580868155	1115169
247	471300	580868165	1118991
248	425300	580868176	1123704
249	457000	580868186	1127957
250	423000	580868196	1132527
251	455700	580868206	1136757
252	465100	580868216	1141314
253	378800	580868226	1145965
254	473800	580868236	1149753
255	448900	580868246	1154491
256	449800	580868256	1158980
257	444400	580868267	1163478
258	429400	580868277	1167922
259	463800	580868287	1172216
260	470100	580868297	1176854
261	499300	580868307	1181555
262	486000	580868317	1186548
263	429100	580868327	1191408
264	486700	580868337	1195699
265	475200	580868347	1200566
267	479700	580868357	1205318
268	463400	580868368	1210115
269	472000	580868378	1214749
270	441800	580868388	1219469
271	359000	580868398	1223887
272	453300	580868408	1227477
273	407100	580868418	1232010
274	459000	580868428	1236081
275	433600	580868438	1240671
276	466900	580868448	1245007
277	460100	580868458	1249676
278	477300	580868468	1254277
279	483100	580868479	1259050
280	433500	580868489	1263881
281	442600	580868499	1268216
282	452600	580868509	1272642
283	423200	580868519	1277168
284	421500	580868529	1281400
285	421600	580868539	1285615
286	440700	580868550	1289831
287	403700	580868560	1294238
288	470100	580868570	1298275
289	463200	580868580	1302976
290	483700	580868590	1307608
291	468000	580868600	1312445
292	504300	580868610	1317125
293	450700	580868620	1322168
294	464100	580868630	1326675
295	529100	580868640	1331316
296	474800	580868651	1336607
297	474100	580868662	1341355
298	393300	580868672	1346096
299	440300	580868682	1350029
300	445300	580868692	1354432
301	369100	580868702	1358885
302	473800	580868712	1362576
303	481400	580868722	1367314
304	474400	580868733	1372128
305	495300	580868743	1376872
306	480900	580868753	1381825
307	459500	580868763	1386634
308	467400	580868773	1391229
309	472400	580868783	1395903
310	435600	580868793	1400627
311	530700	580868803	1404983
312	429600	580868814	1410290
313	384300	580868824	1414586
314	471900	580868834	1418429
315	491100	580868844	1423148
316	449500	580868854	1428059
317	499400	580868864	1432554
318	470900	580868874	1437548
319	432800	580868884	1442257
320	400900	580868894	1446585
321	465800	580868905	1450594
322	455900	580868915	1455252
323	484300	580868925	1459811
324	447600	580868935	1464654
325	479600	580868945	1469130
326	485300	580868955	1473926
327	463100	580868965	1478779
328	436600	580868975	1483410
329	469700	580868985	1487776
330	468400	580868995	1492473
331	450800	580869005	1497157
332	407000	580869015	1501665
333	510500	580869025	1505735
334	460300	580869036	1510840
335	438200	580869046	1515443
336	469300	580869056	1519825
337	466300	580869066	1524518
338	409500	580869076	1529181
339	417800	580869087	1533276
340	470200	580869097	1537454
341	387100	580869107	1542156
342	467800	580869117	1546027
343	481500	580869127	1550705
344	475600	580869137	1555520
345	464600	580869147	1560276
346	479700	580869157	1564922
347	419500	580869167	1569719
348	395600	580869177	1573914
349	446900	580869187	1577870
350	483000	580869197	1582339
351	463500	580869207	1587169
352	403500	580869217	1591804
353	459800	580869227	1595839
354	500000	580869237	1600437
356	443100	580869247	1605437
357	403200	580869258	1609868
358	518400	580869268	1613900
359	470600	580869278	1619084
360	484900	580869288	1623790
361	456500	580869298	1628639
362	428400	580869309	1633204
363	486200	580869319	1637488
364	478600	580869329	1642350
365	420600	580869339	1647136
366	395900	580869349	1651342
367	457600	580869359	1655301
368	435500	580869369	1659877
369	441200	580869379	1664232
370	500400	580869389	1668644
371	458700	580869399	1673648
372	443100	580869409	1678235
373	436900	580869420	1682666
374	435200	580869430	1687035
375	438400	580869440	1691387
376	459900	580869450	1695771
377	465900	580869460	1700370
378	466600	580869470	1705029
379	434800	580869480	1709695
380	465400	580869490	1714043
381	495800	580869500	1718697
382	447700	580869510	1723655
383	467100	580869520	1728132
384	452600	580869530	1732803
385	468900	580869540	1737329
386	448900	580869550	1742018
387	470300	580869560	1746507
388	441700	580869570	1751210
389	470300	580869581	1755627
390	477700	580869591	1760330
391	447700	580869601	1765107
392	487300	580869611	1769584
393	505400	580869622	1774457
394	464600	580869632	1779511
395	401000	580869642	1784157
396	486400	580869652	1788167
397	440700	580869662	1793031
398	462700	580869672	1797438
399	401400	580869682	1802065
400	459600	580869692	1806079
401	466900	580869702	1810675
402	421700	580869712	1815344
403	433200	580869722	1819561
404	471000	580869732	1823893
405	446300	580869742	1828603
406	432700	580869752	1833066
407	453300	580869762	1837393
408	473700	580869773	1841926
409	467500	580869783	1846663
410	425900	580869793	1851338
411	422500	580869803	1855597
412	420800	580869813	1859822
413	430700	580869823	1864030
414	448300	580869833	1868337
415	457400	580869843	1872820
416	438900	580869853	1877394
417	468100	580869863	1881783
418	452500	580869873	1886464
419	469400	580869883	1890989
420	461700	580869893	1895683
421	459900	580869903	1900300
422	443600	580869913	1904899
423	453700	580869923	1909335
424	438000	580869933	1913872
425	450200	580869944	1918252
426	431300	580869954	1922754
427	476100	580869964	1927067
428	452400	580869974	1931828
429	457300	580869984	1936352
430	441500	580869994	1940925
431	469800	580870004	1945340
432	419900	580870014	1950038
433	434100	580870024	1954237
434	403100	580870034	1958578
435	411600	580870044	1962609
436	486000	580870054	1966725
437	417800	580870066	1971585
438	379800	580870076	1975763
439	396100	580870086	1979561
440	440600	580870096	1983522
441	408100	580870106	1987928
442	387400	580870116	1992009
443	434500	580870126	1995883
444	443500	580870137	2000228
445	387700	580870147	2004663
446	428800	580870157	2008540
447	444900	580870167	2012828
448	421800	580870177	2017277
449	418300	580870187	2021495
451	496400	580870197	2025678
452	471100	580870208	2030642
453	425800	580870218	2035353
454	443800	580870228	2039611
455	461100	580870238	2044049
456	407600	580870248	2048660
457	455200	580870258	2052736
458	418600	580870268	2057288
459	458100	580870278	2061474
460	430100	580870289	2066055
461	431600	580870299	2070356
462	453300	580870309	2074672
463	408300	580870319	2079205
464	407000	580870329	2083288
465	422200	580870339	2087358
466	477300	580870349	2091580
467	390100	580870359	2096353
468	439700	580870369	2100254
469	460400	580870379	2104651
470	466700	580870389	2109255
471	447000	580870399	2113922
472	467200	580870409	2118392
473	386600	580870420	2123064
474	452400	580870430	2126930
475	483500	580870440	2131454
476	439800	580870450	2136289
477	431400	580870460	2140687
478	473000	580870470	2145001
479	430500	580870480	2149731
480	457400	580870490	2154036
481	438600	580870500	2158610
482	453200	580870510	2162996
483	437200	580870520	2167528
484	387400	580870530	2171900
485	426700	580870540	2175774
486	427900	580870550	2180041
487	397000	580870560	2184320
488	421300	580870570	2188290
489	483900	580870581	2192503
490	386200	580870591	2197342
491	407100	580870601	2201204
492	420700	580870611	2205275
493	472300	580870621	2209482
494	374200	580870631	2214205
495	427000	580870641	2217947
496	469000	580870651	2222217
497	416600	580870661	2226907
498	390800	580870671	2231073
499	492500	580870681	2234981
500	420700	580870691	2239906
501	395200	580870701	2244113
502	400700	580870711	2248065
503	424600	580870721	2252072
504	433200	580870731	2256318
505	388900	580870741	2260650
506	458400	580870752	2264539
507	426700	580870762	2269123
508	405200	580870772	2273390
509	466400	580870782	2277442
510	434400	580870792	2282106
511	436400	580870802	2286450
512	475500	580870812	2290814
513	432800	580870822	2295569
514	483300	580870832	2299897
515	396800	580870842	2304730
516	467400	580870852	2308698
517	454600	580870862	2313372
518	437700	580870872	2317918
519	444400	580870882	2322295
520	420900	580870893	2326739
521	448700	580870903	2330948
522	448300	580870913	2335435
523	482700	580870923	2339918
524	482700	580870933	2344745
525	438200	580870943	2349572
526	433900	580870953	2353954
527	434600	580870963	2358293
528	434300	580870973	2362639
529	452400	580870983	2366982
530	432400	580870993	2371506
531	401300	580871003	2375830
532	469800	580871013	2379843
533	476500	580871023	2384541
534	462500	580871034	2389306
535	494800	580871044	2393931
536	444500	580871054	2398879
537	424600	580871064	2403324
538	470200	580871074	2407570
539	460900	580871084	2412272
540	434800	580871094	2416881
541	431800	580871104	2421229
542	455600	580871114	2425547
543	433600	580871124	2430103
544	442800	580871134	2434439
545	467500	580871144	2438867
546	390500	580871155	2443542
547	446600	580871165	2447447
548	476200	580871175	2451913
549	421500	580871185	2456675
550	446400	580871195	2460890
551	417300	580871205	2465354
552	426800	580871215	2469527
553	378300	580871225	2473795
554	442700	580871235	2477578
555	424500	580871245	2482005
556	467600	580871255	2486250
557	447700	580871265	2490926
558	428400	580871275	2495403
559	495900	580871285	2499687
560	461800	580871296	2504646
561	458500	580871306	2509264
562	417600	580871316	2513849
563	427900	580871326	2518025
564	443500	580871336	2522304
565	418200	580871346	2526739
566	453500	580871356	2530921
567	458100	580871366	2535456
568	425500	580871377	2540037
569	436200	580871387	2544292
570	423800	580871397	2548654
571	418700	580871407	2552892
572	483700	580871417	2557079
573	438800	580871427	2561916
574	411100	580871437	2566304
575	440900	580871447	2570415
576	430100	580871457	2574824
577	409100	580871467	2579125
578	470200	580871477	2583216
579	447300	580871487	2587918
580	450000	580871497	2592391
581	441200	580871507	2596891
582	412000	580871517	2601303
584	425400	580871527	2605423
585	409600	580871538	2609677
586	370800	580871548	2613773
587	448500	580871558	2617481
588	471300	580871568	2621966
589	489600	580871578	2626679
590	463600	580871588	2631575
591	446600	580871598	2636211
592	433800	580871608	2640677
593	428500	580871618	2645015
594	452100	580871628	2649300
595	404800	580871638	2653821
596	334000	580871648	2657869
597	431300	580871658	2661209
598	420400	580871668	2665522
599	450300	580871678	2669726
600	445900	580871688	2674229
601	409500	580871699	2678688
602	430300	580871709	2682783
603	457100	580871719	2687086
604	436700	580871729	2691657
605	424600	580871739	2696024
606	449200	580871749	2700270
607	417100	580871759	2704762
608	437500	580871769	2708933
609	445400	580871779	2713308
610	468200	580871789	2717762
611	443500	580871799	2722444
612	465400	580871810	2726879
613	446900	580871820	2731533
614	433100	580871830	2736002
615	434800	580871840	2740333
616	427600	580871850	2744681
617	453400	580871860	2748957
618	456100	580871870	2753491
619	381400	580871880	2758052
620	415200	580871890	2761866
621	411300	580871900	2766018
622	446200	580871910	2770131
623	366900	580871920	2774593
624	437400	580871930	2778262
625	467300	580871941	2782636
626	463900	580871951	2787309
627	411500	580871961	2791948
628	421200	580871971	2796063
629	439900	580871981	2800275
630	362900	580871991	2804674
631	458500	580872001	2808303
632	479600	580872011	2812888
633	396100	580872021	2817684
634	434400	580872031	2821645
635	477400	580872041	2825989
636	473100	580872052	2830763
637	396800	580872062	2835494
638	428300	580872072	2839462
639	471800	580872082	2843745
640	442500	580872092	2848463
641	415200	580872102	2852888
642	451300	580872112	2857040
643	458000	580872123	2861553
644	444200	580872133	2866133
645	498700	580872143	2870575
646	400900	580872153	2875562
647	432800	580872163	2879571
648	433300	580872173	2883899
649	475900	580872183	2888232
650	432600	580872193	2892991
651	428600	580872204	2897317
652	435500	580872214	2901603
653	422000	580872224	2905958
654	441300	580872234	2910178
655	405100	580872244	2914591
656	474800	580872254	2918642
657	423500	580872264	2923390
658	407000	580872274	2927625
659	430700	580872284	2931695
660	434400	580872294	2936002
661	429500	580872304	2940346
662	438000	580872314	2944641
663	479100	580872325	2949021
664	422800	580872335	2953812
665	460900	580872345	2958040
666	455500	580872355	2962649
667	397800	580872365	2967204
668	440700	580872375	2971182
669	420200	580872385	2975589
670	454300	580872395	2979791
671	436900	580872405	2984334
672	395200	580872415	2988703
673	450100	580872425	2992655
674	459100	580872435	2997156
675	433400	580872445	3001747
676	456200	580872455	3006081
677	487100	580872465	3010643
678	421100	580872476	3015514
679	458300	580872486	3019725
680	454500	580872496	3024308
681	454300	580872506	3028853
682	428700	580872516	3033396
683	440600	580872526	3037683
684	417300	580872536	3042089
685	429100	580872546	3046262
686	458100	580872556	3050553
687	458200	580872566	3055134
688	454900	580872576	3059716
689	343800	580872587	3064265
690	454400	580872597	3067703
691	458100	580872607	3072247
692	464500	580872617	3076828
693	461000	580872627	3081473
694	453700	580872637	3086083
696	466300	580872647	3090620
697	442000	580872658	3095283
698	476000	580872668	3099703
699	457900	580872678	3104463
700	429100	580872688	3109042
701	457900	580872698	3113333
702	458800	580872708	3117912
703	440400	580872718	3122500
704	457800	580872728	3126904
705	450100	580872738	3131482
706	419100	580872748	3135983
707	484200	580872759	3140174
708	382800	580872769	3145016
709	453100	580872779	3148844
710	429300	580872789	3153375
711	460600	580872799	3157668
712	396200	580872809	3162274
713	452300	580872819	3166236
714	464100	580872829	3170759
715	451600	580872839	3175400
716	464000	580872849	3179916
717	413800	580872860	3184556
718	431500	580872870	3188694
719	446400	580872880	3193009
720	455700	580872890	3197473
721	381100	580872900	3202030
722	461600	580872910	3205841
723	443500	580872920	3210457
724	382400	580872930	3214892
725	441100	580872940	3218716
726	486800	580872950	3223127
727	404900	580872960	3227995
728	450600	580872971	3232044
729	419400	580872981	3236550
730	452300	580872991	3240744
731	459100	580873001	3245267
732	458700	580873011	3249858
733	466900	580873021	3254445
734	427300	580873031	3259114
735	467300	580873041	3263387
736	449700	580873051	3268060
737	404100	580873062	3272557
738	441200	580873072	3276598
739	475600	580873082	3281010
740	425300	580873092	3285766
741	322600	580873102	3290019
742	352100	580873112	3293245
743	405900	580873122	3296766
744	425700	580873132	3300825
745	472400	580873142	3305082
746	442400	580873153	3309806
747	386700	580873163	3314230
748	440200	580873173	3318097
749	473400	580873183	3322499
750	461100	580873193	3327233
751	429400	580873203	3331844
752	525900	580873213	3336138
753	434700	580873224	3341397
754	442300	580873235	3345744
755	457900	580873245	3350167
756	473900	580873255	3354746
757	503200	580873265	3359485
758	445100	580873275	3364517
759	492300	580873285	3368968
760	507800	580873295	3373891
761	445600	580873306	3378969
762	463200	580873316	3383425
763	422700	580873326	3388057
764	445600	580873336	3392284
765	434200	580873346	3396740
766	443600	580873356	3401082
767	475400	580873366	3405518
768	407200	580873376	3410272
769	465800	580873386	3414344
770	471200	580873396	3419002
771	430000	580873406	3423714
772	423900	580873416	3428014
773	445500	580873426	3432253
774	440700	580873437	3436708
775	455600	580873447	3441115
776	458500	580873457	3445671
777	446800	580873467	3450256
778	456700	580873477	3454724
779	480000	580873487	3459291
780	420100	580873497	3464091
781	461800	580873507	3468292
782	528100	580873517	3472910
783	486800	580873527	3478191
784	454000	580873537	3483059
785	528000	580873547	3487599
786	515100	580873557	3492879
787	473200	580873567	3498030
788	523400	580873577	3502762
789	448100	580873587	3507996
791	490000	580873597	3512477
792	492800	580873608	3517377
793	468400	580873618	3522305
794	498000	580873628	3526989
795	452000	580873638	3531969
796	514500	580873648	3536489
797	491800	580873658	3541634
798	501300	580873668	3546552
799	493600	580873679	3551565
800	485800	580873689	3556501
801	504500	580873699	3561359
802	437400	580873709	3566404
803	514900	580873719	3570778
804	501100	580873729	3575927
805	494900	580873740	3580938
806	456800	580873750	3585887
807	508100	580873760	3590455
808	499300	580873770	3595536
809	465100	580873780	3600529
810	494000	580873790	3605180
811	480600	580873800	3610120
812	468600	580873810	3614926
813	481300	580873820	3619612
814	482000	580873830	3624425
815	467200	580873840	3629245
816	501000	580873850	3633917
817	477200	580873860	3638927
818	448100	580873870	3643699
819	448600	580873881	3648180
820	443100	580873891	3652666
821	425500	580873901	3657097
822	458900	580873911	3661352
823	484700	580873921	3665941
824	415400	580873931	3670788
825	491800	580873941	3674942
826	492500	580873952	3679860
827	477500	580873962	3684785
828	502100	580873972	3689560
829	445500	580873982	3694581
830	489900	580873992	3699036
831	461500	580874002	3703935
832	470600	580874012	3708550
833	444300	580874022	3713256
834	458400	580874032	3717699
835	452500	580874042	3722283
836	494300	580874052	3726808
837	432600	580874063	3731751
838	499700	580874073	3736077
839	478900	580874083	3741074
840	499800	580874093	3745863
841	487600	580874103	3750861
842	446000	580874113	3755737
843	456400	580874124	3760197
844	472200	580874134	3764761
845	551700	580874144	3769483
846	457500	580874155	3775000
847	468500	580874165	3779575
848	517100	580874175	3784260
849	487300	580874185	3789431
850	433400	580874195	3794304
851	445300	580874205	3798638
852	468400	580874215	3803091
853	438300	580874225	3807775
854	463000	580874235	3812158
855	431500	580874245	3816788
856	455200	580874255	3821103
857	466500	580874265	3825655
858	453400	580874276	3830320
859	484000	580874286	3834854
860	477200	580874296	3839694
861	456200	580874306	3844466
862	468500	580874317	3849028
863	442100	580874327	3853713
864	467900	580874337	3858134
866	533000	580874347	3862813
867	457300	580874358	3868143
868	471300	580874368	3872716
869	470900	580874378	3877429
870	501000	580874388	3882138
871	516500	580874398	3887148
872	520700	580874410	3892313
873	471100	580874421	3897520
874	467800	580874431	3902231
875	465100	580874441	3906909
876	465900	580874451	3911560
877	476200	580874461	3916219
878	468200	580874471	3920981
879	466700	580874481	3925663
880	513100	580874491	3930330
881	466000	580874501	3935461
882	466400	580874511	3940121
883	390900	580874521	3944785
884	478500	580874532	3948694
885	486400	580874542	3953479
886	457100	580874552	3958343
887	428400	580874562	3962914
888	513300	580874572	3967198
889	488700	580874582	3972331
890	459400	580874592	3977218
891	481100	580874602	3981812
892	466700	580874612	3986623
893	473200	580874622	3991290
894	467500	580874632	3996022
895	443700	580874642	4000697
896	470600	580874652	4005134
897	498700	580874662	4009840
898	483500	580874673	4014827
899	420400	580874683	4019662
900	499000	580874693	4023866
901	467700	580874703	4028856
902	468100	580874713	4033533
903	424600	580874723	4038214
904	481200	580874733	4042460
905	450900	580874743	4047272
906	414200	580874753	4051781
907	474000	580874763	4055923
908	460200	580874773	4060663
909	476200	580874783	4065265
910	448800	580874793	4070027
911	474900	580874803	4074515
912	445200	580874813	4079264
913	474400	580874823	4083716
914	461800	580874834	4088460
915	442500	580874844	4093078
916	460900	580874854	4097503
917	453900	580874864	4102112
918	467700	580874874	4106651
919	475000	580874884	4111328
920	413800	580874894	4116078
921	444600	580874904	4120216
922	519400	580874914	4124662
923	471300	580874925	4129856
924	429600	580874935	4134569
925	482800	580874945	4138865
926	470000	580874955	4143693
927	427800	580874965	4148393
928	468100	580874975	4152671
929	470300	580874985	4157352
930	475500	580874995	4162055
931	438700	580875006	4166810
932	493500	580875016	4171197
933	435500	580875026	4176132
934	458500	580875036	4180487
935	485500	580875046	4185072
936	445500	580875056	4189927
937	435500	580875066	4194382
938	486100	580875076	4198737
939	427100	580875086	4203598
940	473000	580875096	4207869
941	541200	580875106	4212599
942	480200	580875117	4218011
943	475300	580875127	4222813
944	482500	580875137	4227566
945	446000	580875147	4232391
947	442600	580875157	4236851
948	492600	580875168	4241277
949	452300	580875178	4246203
950	498800	580875188	4250726
951	465700	580875198	4255714
952	448900	580875208	4260371
953	454600	580875218	4264860
954	463800	580875228	4269406
955	451000	580875239	4274044
956	465000	580875249	4278554
957	465000	580875259	4283204
958	464700	580875269	4287854
959	479800	580875279	4292501
960	452800	580875290	4297299
961	460200	580875300	4301827
962	468700	580875310	4306429
963	469500	580875320	4311116
964	435500	580875330	4315811
965	451400	580875340	4320166
966	431300	580875350	4324680
967	471500	580875360	4328993
968	469500	580875370	4333708
969	479500	580875380	4338403
970	489200	580875390	4343198
971	457000	580875400	4348090
972	482000	580875410	4352660
973	487100	580875421	4357480
974	469400	580875431	4362351
975	478600	580875441	4367045
976	485900	580875451	4371831
977	497500	580875461	4376690
978	466400	580875471	4381665
979	461900	580875481	4386329
980	464900	580875491	4390948
981	451700	580875501	4395597
982	453600	580875511	4400114
983	447400	580875521	4404650
984	481100	580875531	4409124
985	464200	580875541	4413935
986	474400	580875551	4418577
987	444500	580875561	4423321
988	498000	580875571	4427766
989	436200	580875581	4432746
990	439700	580875592	4437108
991	457200	580875602	4441505
992	466600	580875612	4446077
993	438700	580875622	4450743
994	424600	580875632	4455130
995	462400	580875642	4459376
996	465700	580875652	4464000
997	460300	580875662	4468657
998	463200	580875672	4473260
999	471600	580875682	4477892
1000	470800	580875692	4482608
1001	432300	580875703	4487316
1002	437500	580875713	4491639
1003	468700	580875723	4496014
1004	518100	580875733	4500701
1005	481500	580875743	4505882
1006	440200	580875754	4510697
1007	510100	580875764	4515099
1008	436800	580875774	4520200
1009	442200	580875784	4524568
1010	517600	580875794	4528990
1011	494300	580875804	4534166
1012	383800	580875814	4539109
1013	464700	580875824	4542947
1014	469200	580875834	4547594
1015	439400	580875844	4552286
1016	449100	580875854	4556680
1017	475100	580875864	4561171
1018	491900	580875874	4565922
1019	485600	580875884	4570841
1020	462900	580875895	4575697
1021	446000	580875905	4580326
1022	455600	580875915	4584786
1023	512500	580875925	4589342
1024	470200	580875935	4594467
1025	433200	580875945	4599169
1026	479700	580875955	4603501
1027	454300	580875966	4608298
1028	477800	580875976	4612841
1029	414700	580875986	4617619
1030	516700	580875996	4621766
1031	574200	580876006	4626933
1032	553700	580876016	4632675
1033	568300	580876026	4638212
1034	549300	580876036	4643895
1035	571400	580876046	4649388
1036	553900	580876056	4655102
1037	564200	580876066	4660641
1038	542400	580876076	4666283
1039	577700	580876086	4671707
1040	561600	580876096	4677484
1041	482400	580876106	4683100
1042	517400	580876116	4687924
1043	509700	580876127	4693098
1044	494000	580876137	4698195
1045	437100	580876147	4703135
1046	470700	580876157	4707506
1047	493300	580876167	4712213
1048	465700	580876177	4717146
1049	464000	580876187	4721803
1050	474300	580876197	4726443
1051	436000	580876207	4731186
1052	500900	580876217	4735546
1054	499400	580876227	4740555
1055	476200	580876238	4745549
1056	465200	580876248	4750311
1057	459400	580876258	4754963
1058	448900	580876268	4759557
1059	403000	580876278	4764046
1060	458500	580876288	4768076
1061	465000	580876298	4772661
1062	449200	580876308	4777311
1063	496500	580876318	4781803
1064	478200	580876329	4786768
1065	495200	580876339	4791550
1066	428100	580876349	4796502
1067	455000	580876359	4800783
1068	449700	580876369	4805333
1069	448700	580876379	4809830
1070	417800	580876389	4814317
1071	434400	580876399	4818495
1072	439700	580876409	4822839
1073	471400	580876419	4827236
1074	417200	580876430	4831950
1075	457500	580876440	4836122
1076	447900	580876450	4840697
1077	438800	580876460	4845176
1078	503900	580876470	4849564
1079	408500	580876481	4854603
1080	481800	580876491	4858688
1081	456800	580876501	4863506
1082	480800	580876511	4868074
1083	467500	580876521	4872882
1084	452300	580876531	4877557
1085	450700	580876542	4882080
1086	475700	580876552	4886587
1087	414700	580876562	4891344
1088	491100	580876572	4895491
1089	465800	580876582	4900402
1090	441800	580876593	4905060
1091	430500	580876603	4909478
1092	484900	580876613	4913783
1093	458600	580876623	4918632
1094	470600	580876633	4923218
1095	445300	580876643	4927924
1096	485400	580876653	4932377
1097	447500	580876663	4937231
1098	470000	580876673	4941706
1099	486200	580876683	4946406
1100	441700	580876693	4951268
1101	416800	580876703	4955685
1102	469300	580876713	4959853
1103	429200	580876723	4964546
1104	439500	580876734	4968838
1105	456200	580876744	4973233
1106	469200	580876754	4977795
1107	429100	580876764	4982487
1108	481200	580876774	4986778
1109	458000	580876784	4991590
1110	416900	580876794	4996170
1111	463500	580876804	5000339
1112	445000	580876814	5004974
1113	467700	580876824	5009424
1114	477400	580876835	5014101
1115	490600	580876845	5018875
1116	459300	580876855	5023781
1117	433200	580876865	5028374
1118	477100	580876875	5032706
1119	461300	580876885	5037477
1120	433500	580876895	5042090
1121	487600	580876905	5046425
1122	450500	580876915	5051301
1123	476600	580876925	5055806
1124	484600	580876935	5060572
1125	476100	580876945	5065418
1126	449200	580876956	5070179
1127	496800	580876966	5074671
1128	445600	580876976	5079639
1129	468900	580876986	5084095
1130	460700	580876996	5088784
1131	472600	580877006	5093391
1132	445000	580877016	5098117
1133	461700	580877026	5102567
1134	479900	580877036	5107184
1135	456000	580877046	5111983
1136	467600	580877056	5116543
1137	481600	580877066	5121219
1138	458200	580877076	5126035
1139	463300	580877086	5130617
1140	445000	580877097	5135250
1141	457400	580877107	5139700
1142	450200	580877117	5144274
1143	487000	580877127	5148776
1144	467800	580877137	5153646
1145	452200	580877147	5158324
1146	430700	580877157	5162846
1147	451600	580877167	5167153
1148	451700	580877177	5171669
1149	439800	580877187	5176186
1150	434500	580877197	5180584
1151	441500	580877207	5184929
1152	456000	580877217	5189344
1154	436600	580877227	5193904
1155	469600	580877238	5198270
1156	457300	580877248	5202966
1157	445600	580877258	5207539
1158	431800	580877268	5211995
1159	462700	580877278	5216313
1160	444700	580877288	5220940
1161	461600	580877298	5225387
1162	449900	580877308	5230003
1163	433300	580877318	5234502
1164	429200	580877328	5238835
1165	441400	580877338	5243127
1166	492300	580877348	5247541
1167	426500	580877359	5252464
1168	480200	580877369	5256729
1169	449200	580877379	5261531
1170	446500	580877389	5266023
1171	419600	580877399	5270488
1172	434800	580877409	5274684
1173	462400	580877420	5279032
1174	447400	580877430	5283656
1175	452300	580877440	5288130
1176	465700	580877450	5292653
1177	439500	580877460	5297310
1178	408100	580877470	5301705
1179	438400	580877480	5305786
1180	449500	580877490	5310170
1181	451600	580877500	5314665
1182	461100	580877510	5319181
1183	430300	580877520	5323792
1184	427400	580877530	5328095
1185	409900	580877540	5332369
1186	429100	580877550	5336468
1187	467400	580877561	5340759
1188	458900	580877571	5345433
1189	484600	580877581	5350022
1190	522700	580877592	5354868
1191	429300	580877602	5360095
1192	463400	580877613	5364388
1193	468700	580877623	5369022
1194	473400	580877633	5373709
1195	457700	580877643	5378443
1196	458400	580877653	5383020
1197	460500	580877663	5387604
1198	440100	580877673	5392209
1199	453100	580877683	5396610
1200	421800	580877693	5401141
1201	425100	580877703	5405359
1202	447100	580877713	5409610
1203	478200	580877723	5414081
1204	491800	580877733	5418863
1205	502100	580877743	5423781
1206	476800	580877754	5428802
1207	450900	580877764	5433570
1208	444500	580877774	5438079
1209	474700	580877784	5442524
1210	499400	580877794	5447271
1211	443000	580877804	5452265
1212	468600	580877815	5456695
1213	465600	580877825	5461381
1214	472400	580877835	5466037
1215	442300	580877845	5470761
1216	445900	580877855	5475184
1217	458300	580877865	5479643
1218	480600	580877875	5484226
1219	485000	580877885	5489032
1220	449100	580877895	5493882
1221	451100	580877905	5498373
1222	411700	580877915	5502884
1223	466800	580877925	5507001
1224	466300	580877936	5511669
1225	440000	580877946	5516332
1226	451100	580877956	5520732
1227	440200	580877966	5525243
1228	450000	580877976	5529645
1229	483500	580877986	5534145
1230	440000	580877996	5538980
1231	451400	580878006	5543380
1232	453100	580878016	5547894
1233	455800	580878026	5552425
1234	440700	580878036	5556983
1235	470800	580878046	5561390
1236	480400	580878056	5566098
1237	388600	580878066	5570902
1238	412000	580878076	5574788
1239	484000	580878086	5578908
1240	442200	580878096	5583748
1241	406600	580878107	5588170
1242	438000	580878117	5592236
1243	467900	580878127	5596616
1244	442100	580878137	5601295
1245	437000	580878147	5605716
1247	453800	580878157	5610086
1248	417600	580878168	5614624
1249	439400	580878178	5618800
1250	488000	580878188	5623194
1251	477300	580878198	5628074
1252	442600	580878208	5632847
1253	454500	580878218	5637273
1254	451600	580878228	5641818
1255	484800	580878238	5646334
1256	457600	580878248	5651182
1257	455600	580878258	5655758
1258	447200	580878268	5660314
1259	459300	580878279	5664786
1260	417500	580878289	5669379
1261	436100	580878299	5673554
1262	465300	580878309	5677915
1263	460200	580878319	5682568
1264	419900	580878329	5687170
1265	426300	580878339	5691369
1266	471500	580878349	5695632
1267	455100	580878359	5700347
1268	470800	580878369	5704898
1269	487200	580878379	5709606
1270	496700	580878389	5714478
1271	394200	580878399	5719445
1272	465800	580878409	5723387
1273	461000	580878419	5728045
1274	421100	580878429	5732655
1275	420400	580878439	5736866
1276	446900	580878450	5741070
1277	444500	580878460	5745539
1278	441300	580878470	5749984
1279	460600	580878480	5754397
1280	431000	580878490	5759003
1281	432800	580878500	5763313
1282	438000	580878510	5767641
1283	435500	580878520	5772021
1284	470700	580878531	5776376
1285	466500	580878541	5781083
1286	440700	580878551	5785748
1287	399500	580878561	5790155
1288	443200	580878571	5794150
1289	418100	580878581	5798582
1290	460100	580878591	5802763
1291	430900	580878601	5807364
1292	415000	580878611	5811673
1293	455900	580878621	5815823
1294	441400	580878631	5820382
1295	429300	580878642	5824796
1296	426400	580878652	5829089
1297	452600	580878662	5833353
1298	471900	580878672	5837879
1299	432800	580878682	5842598
1300	465000	580878692	5846926
1301	442000	580878702	5851576
1302	441700	580878712	5855996
1303	417100	580878722	5860413
1304	471200	580878732	5864584
1305	469200	580878742	5869296
1306	459400	580878752	5873988
1307	473300	580878763	5878582
1308	489000	580878773	5883315
1309	459600	580878783	5888205
1310	458600	580878793	5892801
1311	444600	580878803	5897387
1312	427100	580878813	5901833
1313	424900	580878823	5906104
1314	474500	580878833	5910353
1315	439600	580878843	5915098
1316	490900	580878853	5919494
1317	487000	580878863	5924403
1318	441600	580878873	5929273
1319	432100	580878883	5933689
1320	447100	580878893	5938010
1321	475000	580878903	5942481
1322	479900	580878914	5947231
1323	453200	580878924	5952030
1324	468500	580878934	5956562
1325	431800	580878944	5961247
1326	503000	580878954	5965565
1327	439100	580878964	5970595
1328	424100	580878974	5974986
1329	458000	580878985	5979227
1330	428300	580878995	5983807
1331	442400	580879005	5988090
1332	432400	580879015	5992514
1333	447200	580879025	5996838
1334	437400	580879035	6001310
1335	450000	580879045	6005684
1336	453400	580879055	6010184
1337	470500	580879065	6014718
1338	460800	580879075	6019423
1339	470600	580879085	6024031
1340	449000	580879095	6028737
1341	478800	580879105	6033227
1342	422000	580879116	6038015
1343	429100	580879126	6042235
1344	458100	580879136	6046526
1345	450700	580879146	6051107
1346	454600	580879156	6055614
1347	439100	580879166	6060160
1348	452000	580879176	6064551
1349	471600	580879186	6069071
1350	467900	580879196	6073787
1351	460400	580879206	6078466
1352	415200	580879217	6083070
1353	480900	580879227	6087222
1354	475500	580879237	6092031
1355	463900	580879247	6096786
1357	478300	580879257	6101425
1358	440600	580879268	6106208
1359	433400	580879278	6110614
1360	488800	580879288	6114948
1361	434200	580879298	6119836
1362	437500	580879308	6124178
1363	469000	580879318	6128553
1364	471400	580879328	6133243
1365	463400	580879338	6137957
1366	471300	580879349	6142591
1367	449000	580879359	6147304
1368	465000	580879369	6151794
1369	412800	580879379	6156444
1370	454900	580879389	6160572
1371	440200	580879399	6165121
1372	431800	580879409	6169523
1373	472200	580879419	6173841
1374	449200	580879429	6178563
1375	462400	580879439	6183055
1376	460200	580879449	6187679
1377	420100	580879459	6192281
1378	471200	580879469	6196482
1379	434800	580879479	6201194
1380	485600	580879490	6205542
1381	454800	580879501	6210398
1382	465700	580879511	6214946
1383	421000	580879521	6219603
1384	426200	580879531	6223813
1385	442200	580879541	6228075
1386	433600	580879551	6232497
1387	444600	580879561	6236833
1388	425500	580879571	6241279
1389	462800	580879582	6245534
1390	420700	580879592	6250162
1391	483600	580879602	6254369
1392	463100	580879612	6259205
1393	449100	580879622	6263836
1394	431000	580879632	6268327
1395	446200	580879642	6272637
1396	446700	580879652	6277099
1397	474200	580879662	6281566
1398	449100	580879672	6286308
1399	487900	580879682	6290799
1400	458600	580879692	6295678
1401	459600	580879703	6300264
1402	473100	580879713	6304860
1403	441300	580879723	6309591
1404	432300	580879733	6314004
1405	454500	580879743	6318327
1406	501100	580879753	6322872
1407	427700	580879763	6327883
1408	481900	580879773	6332160
1409	503500	580879783	6336979
1410	474400	580879793	6342014
1411	460500	580879803	6346758
1412	447300	580879813	6351363
1413	470600	580879824	6355836
1414	441800	580879834	6360542
1415	464600	580879844	6364960
1416	525800	580879854	6369606
1417	459800	580879864	6374864
1418	475400	580879874	6379462
1419	440500	580879884	6384216
1420	453900	580879894	6388621
1421	455000	580879904	6393160
1422	485200	580879914	6397710
1423	477200	580879924	6402562
1424	439400	580879934	6407334
1425	399300	580879944	6411728
1426	413000	580879954	6415721
1427	456200	580879964	6419851
1428	444400	580879974	6424413
1429	451200	580879984	6428857
1430	446200	580879995	6433369
1431	423400	580880005	6437831
1432	437000	580880015	6442065
1433	416000	580880025	6446435
1434	446200	580880035	6450595
1435	470600	580880045	6455057
1436	496200	580880055	6459763
1437	470800	580880066	6464725
1438	476000	580880076	6469433
1439	527200	580880086	6474193
1440	458800	580880097	6479465
1441	482400	580880107	6484053
1442	453600	580880117	6488877
1443	436300	580880127	6493413
1445	465200	580880137	6497776
1446	475200	580880148	6502428
1447	475200	580880158	6507180
1448	437700	580880168	6511932
1449	421900	580880178	6516309
1450	456900	580880188	6520528
1451	489500	580880198	6525097
1452	497400	580880208	6529992
1453	437200	580880218	6534966
1454	457000	580880228	6539338
1455	425500	580880238	6543908
1456	427800	580880248	6548163
1457	439700	580880259	6552441
1458	472000	580880269	6556838
1459	419100	580880279	6561558
1460	473100	580880289	6565749
1461	478000	580880299	6570480
1462	412300	580880309	6575260
1463	477600	580880319	6579383
1464	430500	580880330	6584159
1465	426700	580880340	6588464
1466	466300	580880350	6592731
1467	449400	580880360	6597394
1468	522500	580880370	6601888
1469	428700	580880381	6607113
1470	453400	580880391	6611400
1471	484700	580880402	6615934
1472	443600	580880412	6620781
1473	447800	580880422	6625217
1474	459500	580880432	6629695
1475	448600	580880442	6634290
1476	468800	580880452	6638776
1477	416700	580880462	6643464
1478	457200	580880472	6647631
1479	447700	580880483	6652203
1480	482400	580880493	6656680
1481	422000	580880503	6661504
1482	442800	580880513	6665724
1483	444200	580880523	6670152
1484	464200	580880533	6674594
1485	439300	580880543	6679236
1486	431900	580880553	6683629
1487	456100	580880563	6687948
1488	449200	580880573	6692509
1489	432900	580880583	6697001
1490	424800	580880593	6701330
1491	438200	580880603	6705578
1492	478300	580880613	6709960
1493	429100	580880624	6714743
1494	506600	580880634	6719034
1495	472300	580880644	6724100
1496	478600	580880655	6728823
1497	459600	580880665	6733609
1498	509100	580880675	6738205
1499	430000	580880686	6743296
1500	458500	580880696	6747596
1501	454800	580880706	6752181
1502	471000	580880716	6756729
1503	470100	580880726	6761439
1504	510600	580880736	6766140
1505	467700	580880747	6771246
1506	444700	580880757	6775923
1507	439200	580880767	6780370
1508	448100	580880777	6784762
1509	456800	580880787	6789243
1510	450500	580880797	6793811
1511	440800	580880807	6798316
1512	463400	580880817	6802724
1513	454200	580880827	6807358
1514	415600	580880837	6811900
1515	474400	580880847	6816056
1517	422100	580880857	6820800
1518	436400	580880868	6825021
1519	468600	580880878	6829385
1520	470400	580880888	6834071
1521	443200	580880898	6838775
1522	465400	580880908	6843207
1523	449600	580880918	6847861
1524	462000	580880928	6852357
1525	463500	580880938	6856977
1526	430000	580880948	6861612
1527	457000	580880958	6865912
1528	425600	580880968	6870482
1529	443400	580880978	6874738
1530	465400	580880988	6879172
1531	470400	580880998	6883826
1532	467900	580881008	6888530
1533	459400	580881018	6893209
1534	455300	580881028	6897803
1535	456900	580881039	6902356
1536	485600	580881049	6906925
1537	475900	580881059	6911781
1538	472700	580881069	6916540
1539	455400	580881079	6921267
1540	461000	580881089	6925821
1541	457900	580881099	6930431
1542	457900	580881109	6935010
1543	472100	580881119	6939589
1544	475800	580881129	6944310
1545	478100	580881139	6949068
1546	473100	580881150	6953849
1547	448800	580881160	6958580
1548	395900	580881171	6963068
1549	440000	580881181	6967027
1550	463700	580881191	6971427
1551	466600	580881201	6976064
1552	446000	580881211	6980730
1553	454100	580881221	6985190
1554	445500	580881231	6989731
1555	482300	580881242	6994186
1556	425900	580881252	6999009
1557	469500	580881262	7003268
1558	474000	580881272	7007963
1559	453500	580881283	7012703
1560	453700	580881293	7017238
1561	402800	580881303	7021775
1562	457400	580881313	7025803
1563	461200	580881323	7030377
1564	470700	580881334	7034989
1565	431300	580881344	7039696
1566	435400	580881354	7044009
1567	460700	580881364	7048363
1568	428200	580881374	7052970
1569	478800	580881384	7057252
1570	458300	580881394	7062040
1571	415000	580881404	7066623
1572	445500	580881414	7070773
1573	437700	580881424	7075228
1574	451400	580881434	7079605
1575	443300	580881444	7084119
1576	450300	580881454	7088552
1577	451100	580881464	7093055
1578	436500	580881474	7097566
1579	426800	580881485	7101931
1580	432400	580881495	7106199
1581	386800	580881505	7110523
1582	458700	580881515	7114391
1583	430700	580881525	7118978
1584	450900	580881535	7123285
1585	428600	580881545	7127794
1586	420300	580881555	7132080
1587	458500	580881565	7136283
1588	464400	580881575	7140868
1589	465500	580881585	7145512
1590	425100	580881595	7150167
1591	446300	580881605	7154418
1592	457300	580881615	7158881
1593	462600	580881625	7163454
1594	438400	580881636	7168080
1595	439800	580881646	7172464
1596	475200	580881656	7176862
1597	477200	580881666	7181614
1598	463800	580881676	7186386
1599	458100	580881686	7191024
1600	453200	580881696	7195605
1601	432900	580881706	7200137
1602	458500	580881716	7204466
1603	436400	580881726	7209051
1604	458300	580881736	7213415
1605	438700	580881746	7217998
1606	460000	580881756	7222385
1607	477600	580881766	7226985
1608	459800	580881777	7231761
1609	450000	580881787	7236359
1610	474500	580881797	7240859
1611	450100	580881807	7245604
1612	461800	580881817	7250105
1613	435300	580881827	7254723
1614	436800	580881837	7259076
1615	446000	580881847	7263444
1616	445500	580881857	7267904
1617	475600	580881867	7272359
1618	454400	580881877	7277115
1619	457300	580881887	7281659
1620	444400	580881897	7286232
1621	372200	580881907	7290676
1622	485700	580881917	7294398
1624	444200	580881927	7299255
1625	478000	580881938	7303697
1626	447000	580881948	7308477
1627	466300	580881958	7312947
1628	448900	580881968	7317610
1629	439600	580881978	7322099
1630	408500	580881988	7326495
1631	469700	580881998	7330580
1632	430400	580882008	7335277
1633	476200	580882018	7339581
1634	444400	580882028	7344343
1635	484300	580882039	7348787
1636	454200	580882049	7353630
1637	427900	580882059	7358172
1638	456000	580882069	7362451
1639	490800	580882079	7367011
1640	441900	580882089	7371919
1641	459800	580882099	7376338
1642	442400	580882109	7380936
1643	440000	580882119	7385360
1644	468500	580882129	7389760
1645	466800	580882139	7394445
1646	441400	580882149	7399113
1647	479300	580882159	7403527
1648	457100	580882169	7408320
1649	452600	580882180	7412891
1650	436300	580882190	7417417
1651	470200	580882200	7421780
1652	424500	580882210	7426482
1653	426800	580882220	7430727
1654	486300	580882230	7434995
1655	454500	580882240	7439858
1656	451100	580882250	7444403
1657	443300	580882260	7448914
1658	452300	580882270	7453347
1659	436300	580882280	7457870
1660	410500	580882290	7462233
1661	439000	580882300	7466338
1662	446900	580882310	7470728
1663	439500	580882321	7475197
1664	413700	580882331	7479592
1665	427100	580882341	7483729
1666	444700	580882351	7488000
1667	461000	580882361	7492447
1668	456300	580882371	7497057
1669	447700	580882381	7501620
1670	444800	580882391	7506097
1671	401800	580882401	7510545
1672	425600	580882411	7514563
1673	432800	580882421	7518819
1674	403400	580882431	7523147
1675	461600	580882441	7527181
1676	457000	580882451	7531797
1677	451100	580882461	7536367
1678	454100	580882472	7540878
1679	443100	580882482	7545419
1680	467200	580882492	7549850
1681	415800	580882502	7554522
1682	422800	580882512	7558680
1683	460100	580882522	7562908
1684	413900	580882532	7567509
1685	454600	580882542	7571648
1686	403500	580882552	7576194
1687	430300	580882562	7580229
1688	463600	580882572	7584532
1689	440200	580882582	7589168
1690	442700	580882592	7593570
1691	451000	580882602	7597997
1692	424100	580882612	7602507
1693	424600	580882622	7606748
1694	449800	580882632	7610994
1695	431400	580882642	7615492
1696	442900	580882653	7619806
1697	452200	580882663	7624235
1698	443100	580882673	7628757
1699	449400	580882683	7633188
1700	463100	580882693	7637682
1701	445200	580882703	7642313
1702	438100	580882713	7646765
1703	443500	580882723	7651146
1704	479800	580882733	7655581
1705	444200	580882743	7660379
1706	541100	580882753	7664821
1707	464500	580882764	7670232
1708	441900	580882774	7674877
1709	418500	580882784	7679296
1710	488200	580882795	7683481
1711	472600	580882805	7688363
1712	408600	580882815	7693089
1713	482600	580882825	7697175
1714	444200	580882835	7702001
1715	397100	580882845	7706443
1716	457000	580882855	7710414
1717	454000	580882865	7714984
1718	469600	580882875	7719524
1719	445400	580882886	7724220
1720	415500	580882896	7728674
1721	429800	580882906	7732829
1722	449000	580882916	7737127
1723	463800	580882926	7741617
1724	448900	580882936	7746255
1725	454800	580882946	7750744
1726	403800	580882956	7755292
1727	458300	580882967	7759330
1728	442300	580882977	7763913
1729	441100	580882987	7768336
1730	444000	580882997	7772747
1731	457000	580883007	7777187
1732	419300	580883017	7781757
1733	425400	580883027	7785950
1735	490200	580883037	7790204
1736	429600	580883048	7795106
1737	389400	580883058	7799402
1738	419700	580883068	7803296
1739	483800	580883078	7807493
1740	479000	580883089	7812331
1741	463500	580883099	7817121
1742	447100	580883109	7821756
1743	464000	580883119	7826227
1744	446300	580883129	7830867
1745	470200	580883139	7835330
1746	469800	580883149	7840032
1747	480400	580883160	7844730
1748	438500	580883170	7849534
1749	454300	580883180	7853919
1750	510600	580883190	7858462
1751	465900	580883200	7863568
1752	434500	580883210	7868227
1753	455900	580883220	7872572
1754	450900	580883230	7877131
1755	441800	580883240	7881640
1756	470200	580883250	7886058
1757	463800	580883260	7890760
1758	449100	580883270	7895398
1759	462100	580883280	7899889
1760	454200	580883290	7904510
1761	434300	580883300	7909052
1762	454300	580883311	7913395
1763	432200	580883321	7917938
1764	489400	580883331	7922260
1765	447400	580883341	7927154
1766	452500	580883351	7931628
1767	462000	580883361	7936153
1768	486400	580883372	7940773
1769	445400	580883382	7945637
1770	459100	580883392	7950091
1771	459200	580883402	7954682
1772	438000	580883412	7959274
1773	445900	580883422	7963654
1774	487400	580883432	7968113
1775	423600	580883442	7972987
1776	480400	580883452	7977223
1777	460500	580883462	7982027
1778	494600	580883472	7986632
1779	467100	580883482	7991578
1780	445100	580883492	7996249
1781	506900	580883502	8000700
1782	417400	580883513	8005769
1783	367700	580883523	8009943
1784	442300	580883533	8013620
1785	403100	580883544	8018043
1786	434300	580883554	8022074
1787	400200	580883564	8026417
1788	472100	580883574	8030419
1789	425000	580883585	8035140
1790	400900	580883595	8039390
1791	439400	580883605	8043399
1792	432400	580883616	8047793
1793	467400	580883626	8052117
1794	414500	580883636	8056791
1795	447900	580883646	8060936
1796	445700	580883657	8065415
1797	449300	580883667	8069872
1798	427100	580883677	8074365
1799	453200	580883687	8078636
1800	460800	580883697	8083168
1801	439100	580883707	8087776
1803	374800	580883717	8092167
1804	452300	580883728	8095915
1805	473700	580883738	8100438
1806	394800	580883748	8105175
1807	441400	580883758	8109123
1808	496200	580883768	8113537
1809	481100	580883778	8118499
1810	481500	580883788	8123310
1811	444400	580883798	8128125
1812	494700	580883808	8132569
1813	446700	580883818	8137516
1814	422200	580883828	8141983
1815	420200	580883838	8146205
1816	466900	580883848	8150407
1817	478300	580883859	8155076
1818	442400	580883869	8159859
1819	460000	580883879	8164283
1820	463100	580883889	8168883
1821	452300	580883899	8173514
1822	415300	580883909	8178037
1823	424200	580883919	8182190
1824	449300	580883930	8186432
1825	472400	580883940	8190925
1826	454600	580883950	8195649
1827	440000	580883960	8200195
1828	539100	580883970	8204595
1829	444000	580883981	8209986
1830	475100	580883991	8214426
1831	459600	580884002	8219177
1832	498100	580884012	8223773
1833	466600	580884023	8228754
1834	458400	580884033	8233420
1835	460200	580884043	8238004
1836	462000	580884053	8242606
1837	459000	580884063	8247226
1838	468400	580884073	8251816
1839	463800	580884083	8256500
1840	446200	580884093	8261138
1841	441900	580884103	8265600
1842	484500	580884113	8270019
1843	434200	580884124	8274864
1844	440000	580884135	8279206
1845	417900	580884145	8283606
1846	440300	580884155	8287785
1847	460900	580884165	8292188
1848	464100	580884175	8296797
1849	440100	580884185	8301438
1850	461700	580884196	8305839
1851	521600	580884206	8310456
1852	452100	580884216	8315672
1853	441600	580884227	8320193
1854	464200	580884237	8324609
1855	436500	580884247	8329251
1856	416300	580884257	8333616
1857	459500	580884267	8337779
1858	453200	580884277	8342374
1859	489400	580884287	8346906
1860	471400	580884297	8351800
1861	423100	580884307	8356514
1862	430100	580884317	8360745
1863	467100	580884327	8365046
1864	467400	580884337	8369717
1866	476700	580884347	8374391
1867	481900	580884358	8379158
1868	475000	580884369	8383977
1869	396800	580884379	8388727
1870	423300	580884389	8392695
1871	484400	580884399	8396928
1872	483500	580884409	8401772
1873	460000	580884419	8406607
1874	440900	580884429	8411207
1875	436700	580884439	8415616
1876	408400	580884449	8419983
1877	473300	580884459	8424067
1878	447500	580884469	8428800
1879	446900	580884479	8433275
1880	463800	580884489	8437744
1881	474500	580884500	8442382
1882	482400	580884510	8447127
1883	429500	580884520	8451951
1884	462300	580884530	8456246
1885	462400	580884540	8460869
1886	447800	580884550	8465493
1887	443500	580884560	8469971
1888	463400	580884570	8474406
1889	457000	580884580	8479040
1890	476800	580884590	8483610
1891	486800	580884600	8488378
1892	439000	580884610	8493246
1893	493000	580884620	8497636
1894	453100	580884630	8502566
1895	465600	580884641	8507097
1896	457100	580884651	8511753
1897	463400	580884661	8516324
1898	442000	580884671	8520958
1899	397600	580884681	8525378
1900	470700	580884691	8529354
1901	465000	580884701	8534061
1902	432600	580884711	8538711
1903	439700	580884721	8543037
1904	459000	580884731	8547434
1905	438400	580884741	8552024
1906	447500	580884751	8556408
1907	464600	580884761	8560883
1908	505900	580884771	8565529
1909	493500	580884782	8570588
1910	451700	580884792	8575523
1911	480500	580884802	8580040
1912	554600	580884812	8584845
1913	461300	580884823	8590391
1914	451400	580884833	8595004
1915	451300	580884843	8599518
1916	480700	580884853	8604031
1917	455800	580884863	8608838
1918	492400	580884873	8613396
1919	450600	580884884	8618320
1920	445000	580884894	8622826
1921	490500	580884904	8627276
1922	453500	580884914	8632181
1923	468100	580884924	8636716
1924	454100	580884934	8641397
1925	478600	580884944	8645938
1926	483000	580884954	8650724
1927	480000	580884965	8655554
1928	487300	580884975	8660354
1929	441000	580884985	8665227
1930	433500	580884995	8669637
1931	439700	580885005	8673972
1932	466600	580885015	8678369
1933	442700	580885025	8683035
1934	458000	580885035	8687462
1935	444100	580885045	8692042
1936	464700	580885055	8696483
1937	476000	580885065	8701130
1938	438800	580885075	8705890
1939	491600	580885085	8710278
1940	465800	580885096	8715194
1941	477200	580885106	8719852
1942	451400	580885116	8724624
1943	473200	580885126	8729138
1944	474400	580885136	8733870
1945	422500	580885146	8738614
1946	453800	580885156	8742839
1947	456200	580885166	8747377
1948	426100	580885176	8751939
1949	455900	580885186	8756200
1950	468300	580885196	8760759
1951	465600	580885206	8765442
1952	441900	580885217	8770098
1953	442200	580885227	8774517
1954	475400	580885237	8778939
1955	444100	580885247	8783693
1956	473400	580885257	8788134
1957	442500	580885267	8792868
1958	463900	580885277	8797293
1960	452500	580885287	8801932
1961	437300	580885298	8806457
1962	456400	580885308	8810830
1963	399900	580885318	8815394
1964	442300	580885328	8819393
1965	432100	580885338	8823816
1966	472100	580885348	8828137
1967	493700	580885358	8832858
1968	432700	580885368	8837795
1969	447000	580885378	8842122
1970	461300	580885388	8846592
1971	450200	580885398	8851205
1972	422000	580885408	8855707
1973	448300	580885418	8859927
1974	465700	580885428	8864410
1975	449900	580885438	8869067
1976	436600	580885448	8873566
1977	462000	580885458	8877932
1978	446000	580885469	8882552
1979	429200	580885479	8887012
1980	446600	580885489	8891304
1981	474900	580885499	8895770
1982	449500	580885509	8900519
1983	437700	580885519	8905014
1984	467200	580885529	8909391
1985	433200	580885539	8914063
1986	445900	580885549	8918395
1987	470000	580885559	8922854
1988	407000	580885569	8927554
1989	449100	580885579	8931624
1990	458500	580885589	8936115
1991	450900	580885600	8940700
1992	434900	580885610	8945209
1993	445400	580885620	8949558
1994	454500	580885630	8954012
1995	425200	580885640	8958557
1996	431600	580885650	8962809
1997	443100	580885660	8967125
1998	410500	580885670	8971556
1999	440100	580885680	8975661
2000	477000	580885690	8980062
2001	460800	580885700	8984832
2002	454800	580885710	8989440
2003	467400	580885721	8993988
2004	467800	580885731	8998662
2005	418200	580885741	9003340
2006	462100	580885751	9007522
2007	428900	580885761	9012143
2008	450000	580885771	9016432
2009	400200	580885781	9020932
2010	458000	580885791	9024934
2011	455200	580885801	9029514
2012	455800	580885811	9034066
2013	468200	580885821	9038624
2014	460600	580885831	9043306
2015	417600	580885841	9047912
2016	426200	580885852	9052088
2017	501300	580885862	9056350
2018	408800	580885872	9061363
2019	418900	580885882	9065451
2020	479000	580885892	9069640
2021	398000	580885902	9074430
2022	437700	580885912	9078410
2023	489100	580885922	9082787
2024	462400	580885932	9087678
2025	432900	580885942	9092302
2026	476800	580885952	9096631
2027	540300	580885962	9101399
2028	435700	580885973	9106802
2029	434100	580885984	9111159
2030	481300	580885994	9115500
2031	465100	580886004	9120313
2032	464300	580886014	9124964
2033	448000	580886024	9129607
2034	434400	580886034	9134087
2035	440100	580886044	9138431
2036	469400	580886054	9142832
2037	457700	580886064	9147526
2038	413000	580886074	9152103
2039	394200	580886084	9156233
2040	453100	580886094	9160175
2041	412100	580886104	9164706
2042	392000	580886115	9168827
2043	420500	580886125	9172747
2044	432300	580886135	9176952
2045	407500	580886145	9181275
2046	454500	580886155	9185350
2047	491300	580886165	9189895
2048	366600	580886175	9194808
2049	462300	580886185	9198474
2050	450600	580886195	9203097
2051	492100	580886205	9207603
2052	458400	580886215	9212524
2053	406300	580886225	9217108
2054	442700	580886235	9221171
2055	451200	580886245	9225598
2056	425600	580886255	9230110
2057	443500	580886265	9234366
2058	430300	580886276	9238801
2059	427100	580886286	9243104
2060	458900	580886296	9247375
2061	465300	580886306	9251964
2062	463800	580886316	9256617
2063	428700	580886326	9261255
2064	421300	580886336	9265542
2065	454500	580886346	9269755
2066	468700	580886356	9274300
2067	464600	580886366	9278987
2068	440700	580886376	9283633
2069	457000	580886386	9288040
2070	467000	580886396	9292610
2071	414000	580886407	9297280
2072	420100	580886417	9301420
2073	424400	580886427	9305621
2074	431700	580886437	9309865
2075	451200	580886447	9314182
2076	445900	580886457	9318694
2077	444100	580886467	9323153
2078	440700	580886477	9327594
2079	454100	580886487	9332001
2080	441900	580886497	9336542
2081	447300	580886507	9340961
2083	478700	580886517	9345434
2084	449700	580886528	9350221
2085	422200	580886538	9354718
2086	423600	580886548	9358940
2087	447200	580886558	9363176
2088	384700	580886568	9367648
2089	459000	580886579	9371495
2090	460300	580886589	9376085
2091	441600	580886599	9380688
2092	429200	580886609	9385104
2093	438300	580886619	9389396
2094	475600	580886629	9393779
2095	463300	580886639	9398535
2096	443600	580886649	9403168
2097	425100	580886659	9407604
2098	439900	580886669	9411855
2099	403000	580886679	9416254
2100	402300	580886689	9420284
2101	491800	580886699	9424307
2102	447700	580886709	9429225
2103	442000	580886719	9433702
2104	421800	580886729	9438122
2105	464600	580886739	9442340
2106	444700	580886750	9446986
2107	451800	580886760	9451433
2108	452400	580886770	9455951
2109	438100	580886780	9460475
2110	427900	580886790	9464856
2111	388300	580886800	9469135
2112	452400	580886810	9473018
2113	457100	580886820	9477542
2114	459800	580886830	9482113
2115	455400	580886840	9486711
2116	507600	580886850	9491265
2117	435000	580886861	9496341
2118	415400	580886871	9500691
2119	397700	580886881	9504845
2120	472800	580886892	9508822
2121	432600	580886902	9513550
2122	434400	580886912	9517876
2123	397500	580886922	9522220
2124	452100	580886932	9526195
2125	458400	580886942	9530716
2126	459700	580886952	9535300
2127	466100	580886962	9539897
2128	461400	580886972	9544558
2129	456100	580886982	9549172
2130	477200	580886992	9553733
2131	449600	580887002	9558505
2132	377600	580887013	9563001
2133	466700	580887023	9566777
2134	464400	580887033	9571444
2135	450500	580887043	9576088
2136	472100	580887054	9580593
2137	416300	580887064	9585314
2138	452800	580887074	9589477
2139	413000	580887084	9594005
2140	448900	580887094	9598135
2141	467900	580887104	9602624
2142	439800	580887114	9607303
2143	366900	580887124	9611701
2144	431700	580887134	9615370
2145	425700	580887144	9619687
2146	396200	580887154	9623944
2147	463600	580887164	9627906
2148	460800	580887174	9632542
2149	409900	580887185	9637150
2150	459000	580887195	9641249
2151	442900	580887205	9645839
2152	416200	580887215	9650268
2153	405700	580887225	9654430
2154	480500	580887235	9658487
2155	450600	580887246	9663292
2156	413700	580887256	9667798
2157	430800	580887266	9671935
2158	408500	580887276	9676243
2159	419000	580887286	9680328
2160	410800	580887296	9684518
2161	476600	580887306	9688626
2162	443100	580887316	9693392
2163	412200	580887327	9697823
2164	400300	580887337	9701945
2165	423200	580887347	9705948
2166	430200	580887357	9710180
2167	453800	580887367	9714482
2168	439300	580887377	9719020
2169	424200	580887387	9723413
2170	454400	580887397	9727655
2171	459300	580887407	9732199
2172	413600	580887417	9736792
2173	351900	580887427	9740928
2174	430800	580887437	9744447
2175	408200	580887447	9748755
2177	388700	580887457	9752837
2178	406700	580887468	9756724
2179	452300	580887478	9760791
2180	471100	580887488	9765314
2181	425700	580887498	9770025
2182	440600	580887508	9774282
2183	437300	580887518	9778688
2184	437800	580887528	9783061
2185	389500	580887538	9787439
2186	496500	580887548	9791334
2187	426500	580887559	9796299
2188	421300	580887569	9800564
2189	442300	580887579	9804777
2190	461400	580887589	9809200
2191	420000	580887599	9813814
2192	413200	580887609	9818014
2193	442000	580887619	9822146
2194	397100	580887629	9826566
2195	433100	580887639	9830537
2196	444500	580887649	9834868
2197	491100	580887659	9839313
2198	455800	580887670	9844224
2199	456200	580887680	9848782
2200	443400	580887690	9853344
2201	445400	580887700	9857778
2202	436800	580887710	9862232
2203	450500	580887720	9866600
2204	485200	580887730	9871105
2205	441500	580887740	9875957
2206	445200	580887750	9880372
2207	463100	580887760	9884824
2208	427100	580887770	9889455
2209	478600	580887780	9893726
2210	437700	580887790	9898512
2211	443600	580887801	9902889
2212	430400	580887811	9907325
2213	418000	580887821	9911629
2214	435200	580887831	9915809
2215	432800	580887841	9920161
2216	434400	580887851	9924489
2217	450300	580887861	9928833
2218	450300	580887871	9933336
2219	470800	580887882	9937839
2220	459300	580887892	9942547
2221	422700	580887902	9947140
2222	433300	580887913	9951367
2223	439300	580887923	9955700
2224	469600	580887933	9960093
2225	454600	580887943	9964789
2226	429700	580887953	9969335
2227	483800	580887963	9973632
2228	404400	580887974	9978470
2229	427900	580887984	9982514
2230	496300	580887994	9986793
2231	455800	580888004	9991756
2232	417000	580888014	9996314
2233	434500	580888024	10000484
2234	472700	580888034	10004829
2235	352100	580888045	10009556
2236	431500	580888055	10013077
2237	486000	580888065	10017392
2238	400900	580888075	10022252
2239	428500	580888085	10026261
2240	457900	580888095	10030546
2241	416400	580888105	10035125
2242	464100	580888115	10039289
2243	435300	580888125	10043930
2244	428400	580888135	10048283
2245	407200	580888145	10052567
2246	449600	580888155	10056639
2247	432900	580888165	10061135
2248	400700	580888176	10065464
2249	440300	580888186	10069471
2250	466700	580888196	10073874
2251	390400	580888206	10078541
2252	450500	580888216	10082445
2253	441500	580888226	10086950
2254	433200	580888236	10091365
2255	377800	580888246	10095697
2256	472200	580888256	10099475
2257	421700	580888266	10104197
2258	461500	580888276	10108414
2259	474100	580888286	10113029
2260	467800	580888296	10117770
2261	427200	580888306	10122448
2262	426500	580888317	10126720
2263	461600	580888327	10130985
2264	421700	580888337	10135601
2265	469400	580888347	10139818
2266	432300	580888357	10144512
2267	437400	580888367	10148835
2268	434300	580888377	10153209
2270	474200	580888387	10157552
2271	454900	580888398	10162294
2272	435400	580888408	10166843
2273	457900	580888418	10171197
2274	470200	580888428	10175776
2275	416600	580888438	10180478
2276	404500	580888448	10184644
2277	464100	580888458	10188689
2278	379900	580888468	10193330
2279	420100	580888478	10197129
2280	462100	580888488	10201330
2281	477800	580888498	10205951
2282	397300	580888508	10210729
2283	426100	580888518	10214702
2284	429400	580888528	10218963
2285	451500	580888538	10223257
2286	392300	580888549	10227772
2287	397900	580888559	10231695
2288	427800	580888569	10235674
2289	441600	580888579	10239952
2290	388700	580888589	10244368
2291	437500	580888599	10248255
2292	434500	580888609	10252630
2293	438100	580888619	10256975
2294	441600	580888629	10261356
2295	438300	580888639	10265772
2296	418700	580888649	10270155
2297	429700	580888659	10274342
2298	481700	580888669	10278639
2299	423000	580888679	10283456
2300	431900	580888689	10287686
2301	432000	580888700	10292005
2302	427200	580888710	10296325
2303	434500	580888720	10300597
2304	410700	580888730	10304942
2305	430200	580888740	10309049
2306	486100	580888750	10313351
2307	448800	580888760	10318212
2308	443700	580888770	10322700
2309	498100	580888780	10327137
2310	467900	580888790	10332118
2311	446500	580888800	10336797
2312	383000	580888810	10341262
2313	482000	580888820	10345092
2314	428700	580888830	10349912
2315	418800	580888841	10354199
2316	431400	580888851	10358387
2317	461900	580888861	10362701
2318	458100	580888871	10367320
2319	446800	580888881	10371901
2320	443600	580888891	10376369
2321	451800	580888901	10380805
2322	403000	580888911	10385323
2323	456400	580888921	10389353
2324	418800	580888931	10393917
2325	458300	580888941	10398105
2326	453500	580888952	10402688
2327	466300	580888962	10407223
2328	421900	580888972	10411886
2329	444300	580888982	10416105
2330	438800	580888992	10420548
2331	462200	580889002	10424936
2332	471400	580889012	10429558
2333	437900	580889022	10434272
2334	444300	580889033	10438651
2335	428900	580889043	10443094
2336	466800	580889053	10447383
2337	411200	580889063	10452051
2338	449500	580889073	10456163
2339	465900	580889083	10460658
2340	421500	580889093	10465317
2341	441400	580889103	10469532
2342	441200	580889113	10473946
2343	434100	580889123	10478358
2344	460400	580889133	10482699
2345	434300	580889143	10487303
2346	426300	580889154	10491646
2347	451600	580889164	10495909
2348	436000	580889174	10500425
2349	452900	580889184	10504785
2350	455500	580889194	10509314
2351	424600	580889204	10513869
2352	415500	580889214	10518115
2353	473500	580889224	10522270
2354	452700	580889234	10527005
2355	469700	580889244	10531532
2356	443700	580889254	10536229
2357	440700	580889264	10540666
2358	421300	580889274	10545073
2359	435500	580889284	10549286
2360	446000	580889295	10553641
2361	413300	580889305	10558101
2362	436100	580889315	10562234
2363	459200	580889325	10566595
2364	443700	580889335	10571187
2365	422900	580889345	10575624
2366	444500	580889355	10579853
2367	472700	580889366	10584298
2368	429500	580889376	10589025
2369	436000	580889386	10593320
2370	444300	580889396	10597680
2371	447000	580889406	10602123
2372	404100	580889416	10606593
2373	410100	580889426	10610634
2374	474300	580889437	10614735
2375	426000	580889447	10619478
2377	414400	580889457	10623738
2378	443000	580889468	10627882
2379	433100	580889478	10632312
2380	447700	580889488	10636643
2381	489600	580889498	10641120
2382	446500	580889508	10646016
2383	400000	580889518	10650481
2384	414500	580889528	10654481
2385	429600	580889538	10658626
2386	480400	580889548	10662922
2387	427600	580889558	10667726
2388	472600	580889568	10672002
2389	465600	580889579	10676728
2390	461800	580889589	10681384
2391	432000	580889600	10686002
2392	425200	580889610	10690322
2393	433900	580889620	10694574
2394	466800	580889630	10698913
2395	447800	580889640	10703581
2396	442400	580889650	10708059
2397	462900	580889660	10712483
2398	439800	580889671	10717112
2399	470000	580889681	10721510
2400	433100	580889691	10726210
2401	475000	580889701	10730541
2402	437000	580889711	10735291
2403	436200	580889721	10739661
2404	421300	580889731	10744023
2405	434700	580889741	10748236
2406	414500	580889751	10752583
2407	452000	580889761	10756728
2408	415800	580889771	10761248
2409	468000	580889781	10765406
2410	432100	580889792	10770086
2411	467900	580889802	10774407
2412	430600	580889813	10779086
2413	400500	580889823	10783392
2414	503000	580889833	10787397
2415	401000	580889844	10792427
2416	425000	580889854	10796437
2417	442800	580889864	10800687
2418	440500	580889875	10805115
2419	397800	580889885	10809520
2420	473100	580889895	10813498
2421	468000	580889905	10818229
2422	437400	580889915	10822909
2423	385200	580889925	10827283
2424	437300	580889935	10831135
2425	487600	580889945	10835508
2426	460700	580889956	10840384
2427	442800	580889966	10844991
2428	473600	580889976	10849419
2429	457000	580889986	10854155
2430	429200	580889996	10858725
2431	454600	580890006	10863017
2432	423900	580890016	10867563
2433	376500	580890026	10871802
2434	453700	580890037	10875567
2435	468500	580890047	10880104
2436	441000	580890057	10884789
2437	430800	580890067	10889199
2438	455100	580890077	10893507
2439	445600	580890087	10898058
2440	439100	580890097	10902514
2441	437500	580890107	10906905
2442	444900	580890117	10911280
2443	448300	580890127	10915729
2444	440300	580890137	10920212
2446	473800	580890147	10924615
2447	436900	580890158	10929353
2448	418400	580890168	10933722
2449	470600	580890178	10937906
2450	436700	580890188	10942612
2451	446700	580890198	10946979
2452	402100	580890208	10951446
2453	461700	580890219	10955467
2454	439900	580890229	10960084
2455	425700	580890239	10964483
2456	424100	580890249	10968740
2457	402400	580890259	10972981
2458	445400	580890269	10977005
2459	423800	580890279	10981459
2460	454900	580890289	10985697
2461	390900	580890299	10990246
2462	455100	580890309	10994155
2463	399100	580890319	10998706
2464	432400	580890329	11002697
2465	427300	580890339	11007021
2466	443100	580890349	11011294
2467	426500	580890359	11015725
2468	454500	580890369	11019990
2469	438600	580890380	11024535
2470	461500	580890390	11028921
2471	409600	580890400	11033536
2472	408800	580890410	11037632
2473	498600	580890420	11041720
2474	445000	580890431	11046706
2475	411500	580890441	11051156
2476	446600	580890451	11055271
2477	419600	580890461	11059737
2478	439800	580890471	11063933
2479	457400	580890481	11068331
2480	449800	580890491	11072905
2481	442500	580890502	11077403
2482	443700	580890512	11081828
2483	449700	580890522	11086265
2484	418000	580890532	11090762
2485	445800	580890542	11094942
2486	433200	580890552	11099400
2487	421200	580890562	11103732
2488	421900	580890572	11107944
2489	407000	580890582	11112163
2490	398400	580890592	11116233
2491	453200	580890602	11120217
2492	472600	580890612	11124749
2493	460000	580890622	11129475
2494	424800	580890633	11134075
2495	443300	580890643	11138323
2496	449200	580890653	11142756
2497	435300	580890663	11147248
2498	448000	580890673	11151601
2499	480200	580890683	11156081
2500	464700	580890693	11160883
2501	450200	580890703	11165530
2502	436400	580890713	11170032
2503	460300	580890723	11174396
2504	453300	580890733	11178999
2505	420200	580890743	11183532
2506	439700	580890754	11187734
2507	449100	580890764	11192131
2508	405300	580890774	11196622
2509	463100	580890784	11200675
2510	472800	580890794	11205306
2511	463600	580890804	11210034
2512	445800	580890814	11214670
2513	444700	580890824	11219128
2514	442900	580890834	11223575
2515	379000	580890844	11228004
2516	482400	580890854	11231794
2517	454300	580890865	11236618
2518	457900	580890875	11241161
2519	479300	580890885	11245740
2520	451900	580890895	11250533
2521	425700	580890905	11255052
2522	452300	580890915	11259309
2523	442700	580890925	11263832
2524	447000	580890936	11268259
2525	434300	580890946	11272729
2526	465800	580890956	11277072
2527	469900	580890966	11281730
2528	448700	580890976	11286429
2529	400500	580890987	11290916
2530	433600	580890997	11294921
2531	475300	580891007	11299257
2532	431900	580891017	11304010
2533	418800	580891027	11308329
2534	445900	580891037	11312517
2535	420100	580891047	11316976
2536	432600	580891057	11321177
2537	428100	580891067	11325503
2539	509400	580891077	11329784
2540	430200	580891088	11334878
2541	446600	580891098	11339180
2542	463400	580891108	11343646
2543	448300	580891118	11348280
2544	430400	580891128	11352763
2545	420400	580891138	11357067
2546	442000	580891148	11361271
2547	428600	580891158	11365691
2548	457000	580891168	11369977
2549	440400	580891178	11374547
2550	422800	580891188	11378951
2551	465200	580891198	11383179
2552	452600	580891209	11387831
2553	418300	580891219	11392357
2554	429500	580891229	11396540
2555	463100	580891239	11400835
2556	452700	580891249	11405466
2557	447600	580891259	11409993
2558	448700	580891269	11414469
2559	445000	580891279	11418956
2560	444900	580891289	11423406
2561	444200	580891299	11427855
2562	404800	580891309	11432297
2563	442600	580891319	11436345
2564	429800	580891329	11440771
2565	424500	580891339	11445069
2566	457200	580891350	11449314
2567	428700	580891360	11453886
2568	465200	580891370	11458173
2569	450200	580891380	11462825
2570	457200	580891390	11467327
2571	436600	580891400	11471899
2572	450400	580891410	11476265
2573	446700	580891420	11480769
2574	432300	580891430	11485236
2575	432600	580891440	11489559
2576	456600	580891450	11493885
2577	414200	580891460	11498451
2578	410000	580891470	11502593
2579	466000	580891480	11506693
2580	479300	580891490	11511353
2581	434500	580891501	11516146
2582	418300	580891511	11520491
2583	439200	580891521	11524674
2584	452000	580891531	11529066
2585	408800	580891541	11533586
2586	467800	580891551	11537674
2587	435700	580891561	11542352
2588	418600	580891571	11546709
2589	455900	580891581	11550895
2590	419800	580891591	11555454
2591	387200	580891601	11559652
2592	413600	580891611	11563524
2593	437900	580891621	11567660
2594	438400	580891632	11572039
2595	450100	580891642	11576423
2596	455000	580891652	11580924
2597	429600	580891662	11585474
2598	424900	580891672	11589770
2599	441100	580891682	11594019
2600	428700	580891692	11598430
2601	421400	580891702	11602717
2602	424500	580891712	11606931
2603	441500	580891722	11611176
2604	447900	580891732	11615591
2605	400700	580891742	11620070
2606	436900	580891752	11624077
2607	451600	580891762	11628446
2608	439100	580891772	11632962
2609	434000	580891782	11637353
2610	455800	580891792	11641693
2611	459900	580891803	11646251
2612	446700	580891813	11650850
2613	436000	580891823	11655317
2614	429900	580891833	11659677
2615	455600	580891843	11663976
2616	402000	580891853	11668532
2617	391400	580891863	11672552
2618	429700	580891873	11676466
2619	450600	580891883	11680763
2620	415000	580891893	11685269
2621	449100	580891903	11689419
2622	448400	580891913	11693910
2623	428900	580891924	11698394
2624	444500	580891934	11702683
2625	448900	580891944	11707128
2626	442600	580891954	11711617
2627	425300	580891964	11716043
2628	452600	580891974	11720296
2629	433300	580891985	11724822
2630	424500	580891995	11729155
2631	461500	580892005	11733400
2632	460300	580892015	11738015
2633	422000	580892025	11742618
2634	441200	580892035	11746838
2635	446500	580892045	11751250
2636	435200	580892055	11755715
2637	426400	580892065	11760067
2638	461900	580892075	11764331
2639	457100	580892085	11768950
2640	452800	580892095	11773521
2641	434600	580892105	11778049
2642	470100	580892115	11782395
2643	434600	580892125	11787096
2644	423100	580892136	11791442
2645	471100	580892146	11795673
2646	440000	580892156	11800384
2647	470300	580892166	11804784
2648	470600	580892176	11809487
2649	446900	580892186	11814193
2650	465200	580892196	11818662
2651	478500	580892206	11823314
2652	447800	580892216	11828099
2653	426000	580892226	11832577
2654	460400	580892236	11836837
2655	444000	580892246	11841441
2656	414000	580892256	11845881
2657	435200	580892266	11850021
2658	452300	580892276	11854373
2659	429200	580892286	11858896
2660	440300	580892296	11863188
2661	475400	580892306	11867591
2662	411800	580892317	11872345
2663	446400	580892327	11876463
2664	431500	580892337	11880927
2665	429900	580892347	11885242
2666	416700	580892357	11889541
2667	445600	580892367	11893708
2668	469600	580892377	11898164
2669	438700	580892387	11902860
2670	388300	580892397	11907247
2671	474600	580892407	11911130
2672	456400	580892417	11915876
2673	401600	580892427	11920440
2674	392500	580892437	11924456
2676	458300	580892447	11928381
2677	442600	580892458	11932964
2678	451200	580892468	11937390
2679	479100	580892478	11941902
2680	455200	580892488	11946693
2681	425000	580892498	11951245
2682	483500	580892508	11955495
2683	426700	580892518	11960330
2684	413800	580892528	11964597
2685	476700	580892538	11968735
2686	429400	580892548	11973502
2687	453600	580892558	11977796
2688	450700	580892569	11982332
2689	451000	580892579	11986839
2690	406400	580892589	11991349
2691	451400	580892599	11995413
2692	451400	580892609	11999927
2693	409300	580892619	12004441
2694	405800	580892629	12008534
2695	448600	580892639	12012592
2696	451800	580892649	12017078
2697	450800	580892659	12021596
2698	465200	580892669	12026104
2699	412600	580892679	12030756
2700	438300	580892689	12034882
2701	442500	580892699	12039265
2702	458700	580892709	12043690
2703	427900	580892719	12048277
2704	449500	580892729	12052556
2705	453400	580892740	12057051
2706	449500	580892750	12061585
2707	455200	580892760	12066080
2708	445700	580892770	12070632
2709	457100	580892780	12075089
2710	442100	580892790	12079660
2711	445800	580892800	12084081
2712	444200	580892810	12088539
2713	430000	580892820	12092981
2714	443800	580892830	12097281
2715	419600	580892840	12101719
2716	410500	580892850	12105915
2717	484700	580892860	12110020
2718	444400	580892870	12114867
2719	483600	580892880	12119311
2720	478300	580892891	12124147
2721	446400	580892902	12128930
2722	415800	580892912	12133394
2723	413300	580892922	12137552
2724	488900	580892932	12141685
2725	448800	580892942	12146574
2726	424800	580892952	12151062
2727	434700	580892962	12155310
2728	445800	580892972	12159657
2729	444500	580892982	12164115
2730	473000	580892992	12168560
2731	446300	580893002	12173290
2732	466800	580893012	12177753
2733	457500	580893022	12182421
2734	447400	580893033	12186996
2735	388400	580893043	12191470
2736	436600	580893053	12195354
2737	459500	580893063	12199720
2738	431600	580893073	12204315
2739	452000	580893083	12208631
2740	462700	580893093	12213151
2741	475600	580893103	12217778
2742	444600	580893113	12222534
2743	414600	580893124	12226980
2744	414800	580893134	12231126
2745	416400	580893144	12235274
2746	447300	580893154	12239438
2747	435300	580893164	12243911
2748	448200	580893174	12248264
2749	472900	580893184	12252746
2750	449800	580893194	12257475
2751	426500	580893204	12261973
2752	444600	580893214	12266238
2753	470900	580893225	12270684
2754	436900	580893235	12275393
2755	458800	580893245	12279762
2756	450900	580893255	12284350
2757	452400	580893265	12288859
2758	442100	580893275	12293383
2759	418400	580893285	12297804
2760	435600	580893295	12301988
2761	444100	580893305	12306344
2762	436500	580893315	12310785
2763	427200	580893325	12315150
2764	438800	580893336	12319422
2765	433000	580893346	12323810
2766	434600	580893356	12328140
2767	469700	580893366	12332486
2768	425100	580893376	12337183
2769	407400	580893386	12341434
2770	423700	580893396	12345508
2771	465400	580893406	12349745
2772	437300	580893416	12354399
2773	439700	580893426	12358772
2774	456000	580893436	12363169
2775	421500	580893446	12367729
2776	448600	580893456	12371944
2777	411700	580893467	12376430
2778	421300	580893477	12380547
2779	444500	580893487	12384760
2780	433600	580893497	12389205
2781	451800	580893507	12393541
2782	426100	580893517	12398059
2783	450100	580893527	12402320
2784	448200	580893537	12406821
2785	441700	580893547	12411303
2786	442500	580893557	12415720
2787	404800	580893567	12420145
2789	423300	580893577	12424193
2790	408400	580893588	12428426
2791	466400	580893598	12432510
2792	436200	580893608	12437174
2793	424600	580893618	12441536
2794	413300	580893628	12445782
2795	433500	580893639	12449915
2796	433300	580893649	12454250
2797	454000	580893659	12458583
2798	442800	580893669	12463123
2799	458600	580893679	12467551
2800	452200	580893689	12472137
2801	454300	580893699	12476659
2802	429700	580893709	12481202
2803	448000	580893719	12485499
2804	451400	580893729	12489979
2805	460300	580893739	12494493
2806	454500	580893749	12499096
2807	434800	580893760	12503641
2808	436100	580893770	12507989
2809	471000	580893780	12512350
2810	429900	580893790	12517060
2811	419000	580893800	12521359
2812	429000	580893810	12525549
2813	452400	580893820	12529839
2814	439700	580893830	12534363
2815	455500	580893840	12538760
2816	442600	580893850	12543315
2817	469900	580893860	12547741
2818	435300	580893870	12552440
2819	469900	580893880	12556793
2820	447800	580893891	12561492
2821	466800	580893901	12565970
2822	455500	580893911	12570638
2823	430100	580893921	12575193
2824	441200	580893931	12579494
2825	427300	580893941	12583906
2826	436700	580893951	12588179
2827	443300	580893961	12592546
2828	464100	580893971	12596979
2829	450200	580893982	12601620
2830	439100	580893992	12606122
2831	411500	580894002	12610513
2832	433200	580894012	12614628
2833	418200	580894022	12618960
2834	428100	580894032	12623142
2835	442600	580894043	12627423
2836	419900	580894053	12631849
2837	414100	580894063	12636048
2838	421100	580894073	12640189
2839	441400	580894083	12644400
2840	423100	580894093	12648814
2841	418200	580894103	12653045
2842	426400	580894114	12657227
2843	416000	580894124	12661491
2844	424800	580894134	12665651
2845	459500	580894144	12669899
2846	456700	580894154	12674494
2847	445300	580894164	12679061
2848	445600	580894174	12683514
2849	424900	580894184	12687970
2850	442900	580894194	12692219
2851	454700	580894204	12696648
2852	407900	580894214	12701195
2853	454900	580894224	12705274
2854	420300	580894234	12709823
2855	437500	580894244	12714026
2856	416900	580894254	12718401
2857	454300	580894264	12722570
2858	417300	580894275	12727113
2859	411400	580894285	12731286
2860	424700	580894295	12735400
2861	444800	580894305	12739647
2862	414400	580894315	12744095
2863	412000	580894325	12748239
2864	416500	580894335	12752359
2865	425800	580894345	12756524
2866	425000	580894355	12760782
2867	393900	580894365	12765032
2868	443000	580894375	12768971
2869	421400	580894386	12773401
2870	409500	580894396	12777615
2871	427800	580894406	12781710
2872	417000	580894416	12785988
2873	385900	580894426	12790158
2874	393700	580894436	12794017
2875	492400	580894446	12797954
2876	439700	580894457	12802878
2877	452700	580894467	12807275
2878	445100	580894477	12811802
2879	406800	580894487	12816253
2880	415300	580894497	12820321
2881	430200	580894507	12824474
2882	377300	580894517	12828776
2884	390600	580894527	12832549
2885	380700	580894538	12836455
2886	453200	580894548	12840262
2887	418200	580894558	12844794
2888	427400	580894568	12848976
2889	439900	580894578	12853250
2890	423400	580894588	12857649
2891	442600	580894598	12861883
2892	450900	580894608	12866309
2893	424500	580894619	12870818
2894	429600	580894629	12875063
2895	444000	580894639	12879359
2896	418100	580894649	12883799
2897	462400	580894659	12887980
2898	441000	580894669	12892604
2899	455900	580894679	12897014
2900	446400	580894689	12901573
2901	441100	580894700	12906037
2902	433000	580894710	12910448
2903	417100	580894720	12914778
2904	418200	580894730	12918949
2905	439200	580894740	12923131
2906	436800	580894750	12927523
2907	440100	580894760	12931891
2908	451900	580894770	12936292
2909	434500	580894780	12940811
2910	450500	580894790	12945156
2911	431900	580894800	12949661
2912	438000	580894810	12953980
2913	428500	580894820	12958360
2914	452500	580894830	12962645
2915	471100	580894841	12967170
2916	472800	580894851	12971881
2917	438600	580894862	12976609
2918	450000	580894872	12980995
2919	462700	580894882	12985495
2920	473100	580894892	12990122
2921	468900	580894902	12994853
2922	443400	580894912	12999542
2923	393200	580894922	13003976
2924	383800	580894932	13007908
2925	451900	580894942	13011746
2926	424500	580894952	13016265
2927	464000	580894962	13020510
2928	474300	580894973	13025150
2929	436500	580894983	13029893
2930	461100	580894993	13034258
2931	474100	580895003	13038869
2932	441700	580895013	13043610
2933	448400	580895023	13048027
2934	459000	580895033	13052511
2935	437200	580895043	13057101
2936	466600	580895053	13061473
2937	426100	580895063	13066139
2938	476700	580895073	13070400
2939	438100	580895084	13075167
2940	439700	580895094	13079548
2941	458100	580895104	13083945
2942	409400	580895115	13088526
2943	413500	580895125	13092620
2944	450200	580895135	13096755
2945	419200	580895145	13101257
2946	390200	580895155	13105449
2947	470400	580895165	13109351
2948	409400	580895175	13114055
2949	449000	580895185	13118149
2950	453400	580895195	13122639
2951	489200	580895206	13127173
2952	416200	580895216	13132065
2953	412000	580895226	13136227
2954	437700	580895236	13140347
2955	422500	580895246	13144724
2956	414300	580895256	13148949
2957	416200	580895267	13153092
2958	431400	580895277	13157254
2959	402200	580895287	13161568
2960	438800	580895297	13165590
2961	408300	580895307	13169978
2962	401800	580895317	13174061
2963	414300	580895327	13178079
2964	451800	580895337	13182222
2965	399500	580895347	13186740
2966	432900	580895357	13190735
2967	466200	580895367	13195064
2968	426600	580895377	13199726
2970	419600	580895387	13203992
2971	463500	580895398	13208188
2972	481300	580895408	13212823
2973	416500	580895418	13217636
2974	431000	580895428	13221801
2975	458100	580895438	13226111
2976	434900	580895448	13230692
2977	436500	580895458	13235041
2978	440100	580895468	13239406
2979	447200	580895478	13243807
2980	432300	580895488	13248279
2981	461400	580895498	13252602
2982	452300	580895508	13257216
2983	444300	580895519	13261739
2984	425500	580895529	13266182
2985	412400	580895539	13270437
2986	451600	580895549	13274561
2987	441200	580895560	13279077
2988	404900	580895570	13283489
2989	435400	580895580	13287538
2990	436300	580895590	13291892
2991	415600	580895600	13296255
2992	396100	580895610	13300411
2993	422000	580895620	13304372
2994	425600	580895630	13308592
2995	375000	580895640	13312848
2996	426800	580895650	13316598
2997	455300	580895660	13320866
2998	411900	580895670	13325419
2999	424300	580895680	13329538
3000	464200	580895690	13333781
3001	457600	580895700	13338423
3002	427500	580895710	13342999
3003	463800	580895720	13347274
3004	428400	580895731	13351912
3005	363800	580895741	13356196
3006	382100	580895751	13359834
3007	469900	580895761	13363655
3008	408500	580895772	13368354
3009	402700	580895782	13372439
3010	459200	580895792	13376466
3011	460500	580895802	13381058
3012	408500	580895812	13385663
3013	485600	580895822	13389748
3014	461300	580895833	13394604
3015	381500	580895843	13399217
3016	395300	580895853	13403032
3017	449800	580895863	13406985
3018	419300	580895873	13411483
3019	420000	580895883	13415676
3020	438100	580895893	13419876
3021	431500	580895903	13424257
3022	378300	580895913	13428572
3023	431400	580895923	13432355
3024	435500	580895934	13436669
3025	456000	580895944	13441024
3026	399100	580895954	13445584
3027	458200	580895964	13449575
3028	452100	580895974	13454157
3029	414700	580895984	13458678
3030	440500	580895994	13462825
3031	435600	580896004	13467230
3032	437700	580896014	13471586
3033	408700	580896024	13475963
3034	406600	580896035	13480050
3035	518700	580896045	13484116
3036	410600	580896056	13489303
3037	405700	580896066	13493409
3038	441200	580896077	13497466
3039	426400	580896087	13501878
3040	450200	580896097	13506142
3041	444000	580896107	13510644
3042	393900	580896117	13515084
3043	424500	580896127	13519023
3044	415000	580896137	13523268
3046	476100	580896147	13527418
3047	460200	580896158	13532179
3048	418800	580896168	13536781
3049	432000	580896178	13540969
3050	407800	580896188	13545289
3051	461500	580896198	13549367
3052	429600	580896208	13553982
3053	416900	580896218	13558278
3054	462100	580896228	13562447
3055	434200	580896238	13567068
3056	407100	580896248	13571410
3057	446500	580896259	13575481
3058	430400	580896269	13579946
3059	414400	580896279	13584250
3060	474400	580896289	13588394
3061	483800	580896299	13593138
3062	415300	580896311	13597976
3063	442900	580896321	13602129
3064	435200	580896331	13606558
3065	387200	580896341	13610910
3066	426900	580896351	13614782
3067	445600	580896361	13619051
3068	420900	580896371	13623507
3069	391600	580896381	13627716
3070	432400	580896391	13631632
3071	429200	580896401	13635956
3072	440000	580896411	13640248
3073	418800	580896421	13644648
3074	454300	580896432	13648836
3075	439000	580896442	13653379
3076	415300	580896452	13657769
3077	381500	580896462	13661922
3078	388500	580896472	13665737
3079	359300	580896482	13669622
3080	436200	580896492	13673215
3081	387800	580896502	13677577
3082	388500	580896512	13681455
